

TREE # 1

  0  0.0000   2032.460710  x:  0.04109   0.06975   0.05738   0.04219   0.10265   0.08350   0.10873   0.06523   2.00000   1.07229   0.06785   0.25769  
  1 99.0000   1956.992123  x:  0.00000   0.03980   0.17704   0.12375   0.11885   0.04242   0.22894   0.11608   2.00501   1.07899   0.06157   0.21743  
  2 768.6807   1936.422696  x:  0.00000   0.00000   0.16140   0.09609   0.14620   0.00257   0.27182   0.11597   2.01373   1.09186   0.04965   0.12894  
  3 267.6743   1923.582876  x:  0.00000   0.00507   0.15406   0.08475   0.16187   0.00000   0.29579   0.11770   2.01906   1.10019   0.04196   0.07292  
  4 841.4303   1909.075489  x:  0.00000   0.00347   0.14515   0.07300   0.18037   0.00636   0.32428   0.12021   2.02583   1.11123   0.03178   0.00000  
  5 8360.0537   1907.558909  x:  0.00000   0.00348   0.12377   0.09120   0.20021   0.00381   0.34463   0.10941   2.04214   1.14308   0.00272   0.00000  
  6 83.6429   1906.250198  x:  0.02274   0.00359   0.12001   0.09429   0.20588   0.00273   0.34983   0.10627   2.05058   1.15961  -0.01232   0.00000  
  7 203.6875   1903.905752  x:  0.02480   0.00410   0.12518   0.08896   0.21312   0.00000   0.35478   0.10174   2.07269   1.20347  -0.05230   0.00000  
  8 111.0462   1901.722055  x:  0.02678   0.00581   0.10818   0.08468   0.19445   0.00000   0.36578   0.14148   2.12312   1.29069  -0.13128   0.00000  
  9 142.7679   1900.523775  x:  0.02491   0.00709   0.10385   0.08366   0.15095   0.00000   0.37535   0.12612   2.16385   1.32449  -0.15910   0.00000  
 10 33.4873   1897.160574  x:  0.01233   0.00560   0.11329   0.10702   0.13813   0.00000   0.29673   0.13626   2.33101   1.40630  -0.21751   0.00000  
 11 31.8533   1893.354478  x:  0.02222   0.00432   0.12353   0.10215   0.15396   0.00000   0.32854   0.13543   3.37986   1.43280   0.02162   0.00000  
 12  7.6362   1886.354182  x:  0.01889   0.01201   0.16183   0.09376   0.15765   0.00000   0.36160   0.11221   3.39192   2.44206   0.56576   0.00000  
 13  1.2442   1883.574810  x:  0.01714   0.01601   0.18180   0.08938   0.15958   0.00000   0.37884   0.10011   3.39823   2.96814   0.84939   0.02352  
 14 7105.2065   1881.916954  x:  0.00000   0.01754   0.18745   0.10036   0.16465   0.00000   0.38473   0.14094   3.44134   2.95845   0.65744   0.02999  
 15  0.1331   1881.503649  x:  0.00000   0.01683   0.18639   0.10629   0.15816   0.00000   0.40650   0.12976   3.46895   2.42312   0.05449   0.02819  
 16  0.4487   1881.466831  x:  0.00000   0.01558   0.18684   0.10734   0.16426   0.00000   0.40985   0.13231   3.45749   2.40081   0.00377   0.02820  
 17  0.0385   1881.446949  x:  0.00000   0.01373   0.18721   0.10603   0.16257   0.00000   0.40982   0.13182   3.43063   2.45923   0.04807   0.02760  
 18  0.0318   1881.444381  x:  0.00000   0.01331   0.18776   0.10703   0.16147   0.00000   0.40948   0.13208   3.42720   2.44045   0.02587   0.02784  
 19  0.0135   1881.443570  x:  0.00000   0.01313   0.18814   0.10725   0.16209   0.00000   0.40897   0.13209   3.42534   2.45207   0.04393   0.02797  
 20  0.0130   1881.443295  x:  0.00000   0.01306   0.18833   0.10725   0.16216   0.00000   0.40979   0.13206   3.42719   2.44437   0.04243   0.02781  
 21  0.0036   1881.443251  x:  0.00000   0.01309   0.18844   0.10726   0.16207   0.00000   0.40997   0.13219   3.42802   2.44890   0.04767   0.02781  
 22  0.0057   1881.443245  x:  0.00000   0.01309   0.18848   0.10731   0.16208   0.00000   0.40997   0.13214   3.42808   2.44932   0.04803   0.02779  
 23  0.0003   1881.443244  x:  0.00000   0.01309   0.18849   0.10731   0.16208   0.00000   0.40995   0.13215   3.42797   2.44915   0.04793   0.02779  
 24  0.0001   1881.443244  x:  0.00000   0.01309   0.18849   0.10730   0.16208   0.00000   0.40995   0.13215   3.42789   2.44915   0.04790   0.02779  
 25  0.0001   1881.443244  x:  0.00000   0.01309   0.18849   0.10730   0.16208   0.00000   0.40995   0.13215   3.42789   2.44914   0.04790   0.02779  